3633
9269
4870
3739
2193
3318
4043
8140
6139
6924
4585
9633
9728
5230
9030
7709
2722
3724
9226
1023
6895
6672
2722
1179
6303
6192
5279
4531
2029
7230
8664
4469
4811
6094
4480
2776
2626
6658
7884
6037
9211
8308
1700
2011
5975
6053
5876
1582
7969
1035
9334
9912
2849
1553
1064
5919
1250
9802
8218
7074
1838
1867
3550
1482
1312
6709
2114
1709
8747
9251
4387
6397
3712
3630
4167
8754
3110
3259
8751
1333
9771
4122
7552
4869
1198
9954
2937
2886
6462
3880
6253
8477
2377
7941
8991
2178
2623
5129
1425
5867
1473
1043
9692
8155
6774
6519
2743
8311
4364
4654
9747
4544
1786
2125
5046
6064
6765
4482
7344
2613
8257
4171
5666
8321
4785
5897
6207
6252
5949
6921
3251
7335
6967
4805
1329
9839
2515
5390
1919
1090
3080
7062
5930
1551
8176
6992
9365
4513
9963
2706
8215
2781
1549
5208
9137
9053
2241
5934
5467
3310
4183
5255
1003
4271
2300
7611
2935
5914
2324
7098
7879
7315
6313
5266
6694
7488
6165
7939
7159
8906
4670
1644
8618
2418
8469
5257
5890
7715
6301
1217
3262
2776
8517
3451
9783
4667
4714
5389
9924
3712
